Trait	Seed_color_DPC_1_11	Seed_color_DPC_1_6	Seed_color_PA	Aril_color_DPC	Aril_color_PA
W00003	1	1	1	1	1
W00011	8	5	0	7	1
W00012	4	3	0	4	0
W00013	1	1	1	1	1
W00016	1	1	1	1	1
W00039	1	1	1	1	1
W00040	1	1	1	3	0
W00052	1	1	1	1	1
W00052	1	1	1	1	1
W00053	1	1	1	1	1
W00055	1	1	1	1	1
W00056	1	1	1	7	0
W00056	1	1	1	7	0
W00057	1	1	1	1	1
W00058	1	1	1	1	1
W00059	1	1	1	1	1
W00060	1	1	1	1	1
W00061	1	1	1	4	0
W00062	1	1	1	1	1
W00063	1	1	1	1	1
W00064	1	1	1	1	1
W00065	1	1	1	1	1
W00067	11	6	0	3	0
W00068	1	1	1	1	1
W00069	1	1	1	1	1
W00070	1	1	1	1	1
W00070	1	1	1	1	1
W00071	1	1	1	1	1
W00072	1	1	1	1	1
W00074	1	1	1	1	1
W00075	1	1	1	1	1
W00076	1	1	1	1	1
W00077	1	1	1	1	1
W00078	1	1	1	1	1
W00079	1	1	1	1	1
W00080	1	1	1	1	1
W00081	1	1	1	1	1
W00083	1	1	1	1	1
W00084	1	1	1	1	1
W00085	1	1	1	1	1
W00086	3	2	0	1	1
W00087	1	1	1	1	1
W00088	1	1	1	1	1
W00089	1	1	1	1	1
W00090	NA	1	1	1	1
W00091	1	1	1	1	1
W00092	1	1	1	1	1
W00093	3	2	0	1	1
W00094	1	1	1	1	1
W00095	1	1	1	1	1
W00096	1	1	1	1	1
W00097	1	1	1	1	1
W00098	1	1	1	1	1
W00099	1	1	1	1	1
W00100	1	1	1	7	0
W00101	1	1	1	1	1
W00102	1	1	1	1	1
W00103	1	1	1	1	1
W00104	1	1	1	1	1
W00105	5	3	0	1	1
W00107	1	1	1	1	1
W00108	1	1	1	1	1
W00109	1	1	1	1	1
W00110	1	1	1	1	1
W00111	5	3	0	1	1
W00112	1	1	1	1	1
W00113	1	1	1	1	1
W00115	4	3	0	5	0
W00116	1	1	1	1	1
W00117	1	1	1	1	1
W00118	1	1	1	1	1
W00119	NA	3	0	1	1
W00121	1	1	1	1	1
W00122	1	1	1	6	0
W00123	1	1	1	1	1
W00124	1	1	1	1	1
W00125	1	1	1	1	1
W00126	1	1	1	1	1
W00127	1	1	1	1	1
W00128	1	1	1	1	1
W00129	1	1	1	1	1
W00131	1	1	1	1	1
W00132	1	1	1	1	1
W00134	1	1	1	1	1
W00136	1	1	1	1	1
W00137	1	1	1	1	1
W00138	1	1	1	1	1
W00139	3	2	0	1	1
W00140	3	2	0	1	1
W00141	1	1	1	5	0
W00143	1	1	1	1	1
W00144	1	1	1	1	1
W00145	11	6	0	7	0
W00146	1	1	1	1	1
W00154	8	5	0	5	0
W00156	1	1	1	1	1
W00157	1	1	1	1	1
W00158	4	3	0	1	1
W00159	1	1	1	1	1
W00160	1	1	1	1	1
W00161	1	1	1	1	1
W00162	1	1	1	1	1
W00163	1	1	1	1	1
W00164	1	1	1	1	1
W00165	1	1	1	1	1
W00166	1	1	1	1	1
W00168	5	3	0	1	1
W00169	5	3	0	1	1
W00170	5	3	0	1	1
W00171	5	3	0	7	0
W00171	5	3	0	7	0
W00172	1	1	1	7	0
W00173	5	3	0	7	0
W00174	1	1	1	1	1
W00175	1	1	1	1	1
W00176	1	1	1	1	1
W00177	1	1	1	1	1
W00178	1	1	1	1	1
W00179	1	1	1	1	1
W00180	4	3	0	5	0
W00181	1	1	1	1	1
W00183	1	1	1	1	1
W00184	1	1	1	1	1
W00185	1	1	1	1	1
W00186	1	1	1	1	1
W00187	1	1	1	1	1
W00188	1	1	1	2	0
W00189	1	1	1	2	0
W00190	1	1	1	1	1
W00191	1	1	1	1	1
W00192	1	1	1	1	1
W00193	5	3	0	4	0
W00194	1	1	1	1	1
W00196	5	3	0	3	0
W00198	1	1	1	1	1
W00199	1	1	1	1	1
W00200	4	3	0	1	1
W00201	1	1	1	1	1
W00204	1	1	1	1	1
W00205	1	1	1	1	1
W00206	1	1	1	1	1
W00207	1	1	1	1	1
W00208	1	1	1	1	1
W00208	1	1	1	1	1
W00209	9	5	0	7	0
W00210	1	1	1	1	1
W00211	1	1	1	1	1
W00212	4	3	0	1	1
W00213	5	3	0	1	1
W00214	4	3	0	1	1
W00215	1	1	1	1	1
W00216	1	1	1	1	1
W00217	3	2	0	1	1
W00218	5	3	0	1	1
W00219	5	3	0	1	1
W00220	1	1	1	1	1
W00221	1	1	1	1	1
W00222	1	1	1	1	0
W00223	1	1	1	1	1
W00224	1	1	1	1	1
W00225	1	1	1	1	1
W00226	1	1	1	1	1
W00227	1	1	1	1	1
W00228	1	1	1	1	1
W00229	1	1	1	1	1
W00230	1	1	1	1	1
W00231	1	1	1	1	1
W00232	1	1	1	1	1
W00233	4	3	0	1	1
W00234	1	1	1	2	0
W00235	1	1	1	1	1
W00235	1	1	1	1	1
W00236	1	1	1	1	1
W00237	1	1	1	7	0
W00238	1	1	1	1	1
W00239	1	1	1	1	1
W00240	1	1	1	1	1
W00241	1	1	1	1	1
W00242	1	1	1	1	1
W00243	1	1	1	1	1
W00244	1	1	1	1	1
W00245	1	1	1	1	1
W00246	1	1	1	1	1
W00247	1	1	1	1	1
W00248	1	1	1	1	1
W00249	1	1	1	1	1
W00250	1	1	1	1	1
W00251	5	3	0	1	1
W00253	1	1	1	1	1
W00253	1	1	1	1	1
W00254	1	1	1	1	1
W00255	1	1	1	1	1
W00256	7	4	0	1	1
W00257	1	1	1	1	1
W00259	1	1	1	1	1
W00260	3	2	0	1	1
W00261	1	1	1	1	1
W00262	1	1	1	1	1
W00263	1	1	1	1	1
W00264	1	1	1	1	1
W00265	1	1	1	1	1
W00266	4	3	0	1	1
W00267	1	1	1	1	1
W00268	1	1	1	1	1
W00271	10	5	0	1	1
W00273	1	1	1	1	1
W00274	1	1	1	1	1
W00275	1	1	1	1	1
W00276	1	1	0	1	1
W00277	4	3	0	1	1
W00278	1	1	1	5	0
W00279	NA	NA	1	1	1
W00280	3	2	0	1	1
W00281	1	1	1	1	1
W00282	6	4	0	1	1
W00283	1	1	1	4	0
W00284	1	1	1	4	0
W00285	1	1	1	1	1
W00286	1	1	1	1	1
W00288	1	1	1	1	1
W00289	1	1	1	1	1
W00290	1	1	1	1	1
W00291	4	3	0	1	1
W00292	1	1	1	1	1
W00292	1	1	1	1	1
W00293	1	1	1	1	1
W00294	1	1	1	1	1
W00295	1	1	1	1	1
W00295	1	1	1	1	1
W00296	1	1	1	1	1
W00297	1	1	1	1	1
W00298	3	2	0	1	1
W00299	1	1	1	1	1
W00300	1	1	1	1	1
W00301	1	1	1	1	1
W00302	1	1	1	1	1
W00303	1	1	1	1	1
W00304	1	1	1	1	1
W00307	5	3	0	1	1
W00308	5	3	0	1	1
W00309	1	1	1	1	1
W00310	1	1	1	7	0
W00311	1	1	1	1	1
W00312	1	1	1	1	1
W00314	4	3	0	1	1
W00315	4	3	0	1	1
W00316	1	1	1	1	1
W00317	4	3	0	1	1
W00318	4	3	0	1	1
W00319	1	1	1	1	1
W00320	4	3	0	1	1
W00321	1	1	1	1	1
W00322	4	3	0	1	1
W00323	1	1	1	1	1
W00324	4	3	0	1	1
W00325	1	1	1	1	1
W00327	4	3	0	1	1
W00328	1	1	1	1	1
W00329	1	1	1	1	1
W00332	1	1	1	1	1
W00333	1	1	1	1	1
W00334	1	1	1	1	1
W00335	1	1	1	1	1
W00336	1	1	1	1	1
W00337	1	1	1	1	1
W00338	1	1	1	1	1
W00339	3	2	0	1	1
W00340	1	1	1	1	1
W00341	4	3	0	1	1
W00342	1	1	1	1	1
W00343	4	3	0	1	1
W00344	1	1	1	1	1
W00347	1	1	1	1	1
W00348	1	1	1	1	1
W00349	1	1	1	1	1
W00350	1	1	1	1	1
W00351	6	4	0	1	1
W00352	4	3	0	1	1
W00355	1	1	1	1	1
W00628	11	6	0	7	0
W00629	4	3	0	1	1
W00630	5	3	0	7	0
W00632	1	1	1	1	1
W00633	1	1	1	1	1
W00634	1	1	1	1	1
W00636	1	1	1	1	1
W00637	1	1	1	1	1
W00638	3	2	0	1	1
W00639	1	1	1	1	1
W00640	1	1	1	1	1
W00641	1	1	1	1	1
W00642	1	1	1	1	1
W00643	1	1	1	1	1
W00645	1	1	1	1	1
W00646	3	2	1	1	1
W00647	1	1	1	1	1
W00648	1	1	1	1	1
W00649	1	1	1	1	1
W00651	1	1	1	4	0
W00841	1	1	1	1	1
W00844	1	1	1	1	1
W00845	1	1	1	1	1
W00846	1	1	1	1	1
W00848	1	1	1	1	1
W00849	2	2	0	7	0
W00851	1	1	1	1	1
W00852	1	1	1	1	1
W00860	1	1	1	4	0
W00867	1	1	1	1	1
W00868	3	2	0	1	1
W00893	1	1	1	1	1
W00918	1	1	1	1	1
W00976	1	1	1	1	1
